Region 1:
median: 10153.588666564934
mean: 9062.038330517022
standard_deviation: 9778.404233666915
skewness: -0.49069067085003554
kurtosis: 3.195688498165569

Region 2:
median: 15973.783134925416
mean: 15141.463118336853
standard_deviation: 8380.99996187969
skewness: -0.33985916763676954
kurtosis: 0.9320227594946724

Region 3:
median: 7609.239128954923
mean: 8008.666428138213
standard_deviation: 11071.765355372603
skewness: 2.4771117961767875
kurtosis: 15.674730739867623

