Region 1:
median: 28697.367463408966
mean: 29208.05901666211
standard_deviation: 8218.310665809659
skewness: 3.9560366105927947
kurtosis: 66.23311068390275

Region 2:
median: 43781.32034815008
mean: 43840.480577255345
standard_deviation: 8359.95373262971
skewness: 2.2473441710942823
kurtosis: 20.40289931265552

Region 3:
median: 27224.174236796334
mean: 28193.530642172627
standard_deviation: 10750.330343778365
skewness: 2.75996515206289
kurtosis: 17.78365534401522

