Region 1:
median: 8453.848845267534
mean: 8903.470058127185
standard_deviation: 8576.43786092915
skewness: -0.15632066062592084
kurtosis: 15.452728902682125

Region 2:
median: 17474.296874412306
mean: 18208.87101252778
standard_deviation: 7930.483628309746
skewness: 1.4964405848032112
kurtosis: 5.734013920590707

Region 3:
median: 18524.009343863203
mean: 17881.03240420326
standard_deviation: 9666.330802156415
skewness: -6.097839380667534
kurtosis: 53.23765327504855

