Global region:
median: 1087.484951147051
mean: -19265296183.43451
standard_deviation: 935276733160.3931
skewness: -52.01722132699596
kurtosis: 3130.751910797694

Diffuse region:
median: -5883.692837649412
mean: -5064.323130071358
standard_deviation: 7391.161821466418
skewness: 0.7801530436632366
kurtosis: 1.5589569994335228

Central region:
median: -1555.1430918327862
mean: -1207.454301940741
standard_deviation: 7604.215315262214
skewness: 0.34198241846289823
kurtosis: 0.5618127648746287

Filament region:
median: -3.1286828151774664
mean: -1267.0039696017404
standard_deviation: 7597.016968552673
skewness: -0.5582338379880385
kurtosis: 0.10939411473661487

