Region 1:
median: 10790.14034435425
mean: 10824.979811235498
standard_deviation: 5958.884033860211
skewness: 0.3944678546633126
kurtosis: 0.1987603250075134

Region 2:
median: 14314.104528886797
mean: 13984.202820589873
standard_deviation: 6669.196247110282
skewness: -0.03313355701092878
kurtosis: -0.6366988166967831

Region 3:
median: 7651.3258558222005
mean: 9724.112976025406
standard_deviation: 8501.718211066016
skewness: 2.5000401049556626
kurtosis: 8.243439375058431

