Region 1:
median: 8825.93232313365
mean: 9273.405253370904
standard_deviation: 8577.348189006038
skewness: -0.1576881137343168
kurtosis: 15.460418705008713

Region 2:
median: 17845.951514562155
mean: 18579.17769261631
standard_deviation: 7931.276392735014
skewness: 1.4959807681345334
kurtosis: 5.731920673379008

Region 3:
median: 18897.055450660384
mean: 18253.38507078204
standard_deviation: 9668.412501766214
skewness: -6.0991667852644476
kurtosis: 53.252604519756424

