Region 1:
median: 3317.21885239972
mean: -822.7867817606559
standard_deviation: 12912.64368449816
skewness: -1.4043680461555172
kurtosis: 4.613335889096028

Region 2:
median: -1680.7839333962656
mean: 1433.5677694652952
standard_deviation: 12339.230945742933
skewness: 0.06466835828802549
kurtosis: -1.1432158353764175

Region 3:
median: 15188.196137381123
mean: 11761.784282894245
standard_deviation: 11267.241283297353
skewness: -3.2395272252008884
kurtosis: 19.88890108799889

