Region 1:
median: 10.269994608540317
mean: 9.661665554006722
standard_deviation: 3.2305713263661597
skewness: -0.4524136890670422
kurtosis: -0.7652098465935433

Region 2:
median: 8.693865171648413
mean: 8.92240222166186
standard_deviation: 4.581942815950164
skewness: 0.0449795942152234
kurtosis: -1.6829841527185776

Region 3:
median: 12.38978653957304
mean: 10.843577182262617
standard_deviation: 3.582037469535797
skewness: -0.9013719602834525
kurtosis: -0.6226154837843483

