Region 1:
median: 4866.882522013491
mean: 4866.361850134318
standard_deviation: 1710.8289449172064
skewness: 0.023832449410191633
kurtosis: 0.11472087731046843

Region 2:
median: 7083.203937737585
mean: 6939.089823562666
standard_deviation: 1912.7171103747642
skewness: -0.3483512030740355
kurtosis: -0.1940029271352759

Region 3:
median: 4387.6682228498175
mean: 4388.2261830412235
standard_deviation: 2377.3820755849406
skewness: 0.5092738008620143
kurtosis: 2.1571435181468486

