Region 1:
median: 1880.6332683820847
mean: 1698.0984204256447
standard_deviation: 2170.6742294091446
skewness: -0.3929900803562591
kurtosis: 0.4265396837368898

