Region 1:
median: 2080.1991711325018
mean: 1847.612984535986
standard_deviation: 2222.670758629117
skewness: -0.35841017551996884
kurtosis: 0.655443301917721

Region 2:
median: 2526.9459877091685
mean: 2288.203374915917
standard_deviation: 2050.2652463001014
skewness: -0.5524195280171895
kurtosis: 0.7380791752392941

Region 3:
median: 1380.774011191632
mean: 1471.717196727238
standard_deviation: 2368.0492266560614
skewness: 0.9464262533349396
kurtosis: 3.451513504883761

