Region 1:
median: 1880.6332683820847
mean: 1698.0984204256447
standard_deviation: 2170.6742294091446
skewness: -0.3929900803562591
kurtosis: 0.4265396837368898

Region 2:
median: 2448.683944457258
mean: 2240.2580538895413
standard_deviation: 2125.972140578922
skewness: -0.5350798604445065
kurtosis: 0.44465350690076066

Region 3:
median: 1170.9269604699443
mean: 1279.7688816513114
standard_deviation: 2159.705975819632
skewness: 0.6689181820219468
kurtosis: 1.6847081307309484

