Region 1:
median: 1075.9539435185852
mean: 1005.2289200850913
standard_deviation: 1635.026731600676
skewness: -1.5137978885669203
kurtosis: 11.892332054994528

Region 2:
median: 2849.7872532992737
mean: 2814.222583461639
standard_deviation: 1472.4193022648394
skewness: -0.10878335095652938
kurtosis: 1.3349129783026186

Region 3:
median: 2856.2559006169363
mean: 2802.1785515665856
standard_deviation: 1446.7723586723364
skewness: -3.563782445427841
kurtosis: 36.50862895166375

