Region 1:
median: 12.055202127162364
mean: 12.418827231947095
standard_deviation: 3.0116738246863455
skewness: 0.1726865415167483
kurtosis: -0.26714247767936117

Region 2:
median: 15.53261538849428
mean: 15.694446369618063
standard_deviation: 1.8851510585452977
skewness: 0.6404318431574391
kurtosis: 1.9114266199401158

Region 3:
median: 13.601204914276178
mean: 13.710318656628658
standard_deviation: 1.8111261379636432
skewness: 0.28141235678773274
kurtosis: -0.3221407703541095

