Region 1:
median: 12.055202127162364
mean: 12.418827231947095
standard_deviation: 3.0116738246863455
skewness: 0.1726865415167483
kurtosis: -0.26714247767936117

Region 2:
median: 14.97562184439873
mean: 14.907095272948636
standard_deviation: 2.2099103180735353
skewness: 0.1658575198375279
kurtosis: 0.6105921531504941

Region 3:
median: 12.98043603994067
mean: 13.095227799047576
standard_deviation: 1.75819605089849
skewness: 0.3117857860541947
kurtosis: 0.07151885149871395
