Global region:
median: 12.94113131738149
mean: 12.837847840293396
standard_deviation: 2.5836427650759672
skewness: -0.25921289909883866
kurtosis: 0.4332922441567235

Diffuse region:
median: 12.475311604566722
mean: 12.59958626791576
standard_deviation: 2.494039223304431
skewness: 0.2836376290899187
kurtosis: 0.2941248940049599

Central region:
median: 15.602838458846769
mean: 15.716197556713016
standard_deviation: 1.4987486413445499
skewness: 0.5995791617976345
kurtosis: 0.4617216578050578

Filament region:
median: 13.613306854326055
mean: 13.831961603383215
standard_deviation: 1.5819468401953438
skewness: 0.2802883853625026
kurtosis: -0.5013822533491914

