Region 1:
median: 10670.30400831651
mean: 10026.99127798579
standard_deviation: 8462.262561435511
skewness: -0.15308834754015965
kurtosis: -0.07006493768889621

Region 2:
median: 15441.740892502881
mean: 14820.210438506125
standard_deviation: 8355.665781697
skewness: -0.28218956942126555
kurtosis: -0.3519495345424506

Region 3:
median: 7704.080732975846
mean: 8188.425091348542
standard_deviation: 10287.997429644243
skewness: 1.9058439282210866
kurtosis: 6.15647052017804

