Region 1:
median: 8400.09177823377
mean: 7846.782449973351
standard_deviation: 7527.845648799469
skewness: -0.1528455428303544
kurtosis: -0.06267884799377699

Region 2:
median: 12921.533023901547
mean: 12265.429282000676
standard_deviation: 7434.727265939506
skewness: -0.2794110111931632
kurtosis: -0.3516126113333806

Region 3:
median: 5924.3527688345
mean: 6396.736331874322
standard_deviation: 9141.788478518913
skewness: 1.9063178302938109
kurtosis: 6.172820927837085

