Region 1:
median: 6275.956369273255
mean: 6580.63473864481
standard_deviation: 5339.478196144695
skewness: 0.28624491827557497
kurtosis: -0.12452810093680755

Region 2:
median: 15632.95918964049
mean: 15101.657594893826
standard_deviation: 5981.1355469407845
skewness: -0.3708003451934457
kurtosis: -0.025617696786463195

Region 3:
median: 4739.913479932356
mean: 6404.551055311724
standard_deviation: 8528.362898733296
skewness: 2.2897908758849654
kurtosis: 6.85994058874388

