import numpy as np
import pyperclip

valss = [
    [-3767.,-3977.,-3977.,-3558.,-2512.,-1256.,0.0],
    [-2093.,-2512.,-3558.,-3767.,-3139.,-2930.,-1256.],
    [5023.,3349.,-1047.,-2512.,-3349.,-3139.,-2512.],
    [22189.,18418.,10883.,1256.,-2512.,-3767.,-3558.],
    [36836.,32231.,23650.,10883.,-1047.,-3558.,-3977.],
    [49812.,43533.,32231.,18418.,3349.,-2512.,-3977.],
    [54835.,49812.,36836.,22189.,5023.,-2093.,-3767.]
]

tabs = []
for i, vals in enumerate(valss):
    tabs.append("{")
    for val in reversed(vals):
        tabs[i] += f"{round(val*1e-6,6):>9},"
    for val in vals[1:]:
        tabs[i] += f"{round(val*1e-6,6):>9},"
    tabs[i] = tabs[i][:-1] + "},"
for tab in reversed(tabs[:-1]):
    tabs.append(tab)

pyperclip.copy("\n".join(tabs))

{      0.0,-0.001256,-0.002512,-0.003558,-0.003977,-0.003977,-0.003767,-0.003977,-0.003977,-0.003558,-0.002512,-0.001256,      0.0},
{-0.001256, -0.00293,-0.003139,-0.003767,-0.003558,-0.002512,-0.002093,-0.002512,-0.003558,-0.003767,-0.003139, -0.00293,-0.001256},
{-0.002512,-0.003139,-0.003349,-0.002512,-0.001047, 0.003349, 0.005023, 0.003349,-0.001047,-0.002512,-0.003349,-0.003139,-0.002512},
{-0.003558,-0.003767,-0.002512, 0.001256, 0.010883, 0.018418, 0.022189, 0.018418, 0.010883, 0.001256,-0.002512,-0.003767,-0.003558},
{-0.003977,-0.003558,-0.001047, 0.010883,  0.02365, 0.032231, 0.036836, 0.032231,  0.02365, 0.010883,-0.001047,-0.003558,-0.003977},
{-0.003977,-0.002512, 0.003349, 0.018418, 0.032231, 0.043533, 0.049812, 0.043533, 0.032231, 0.018418, 0.003349,-0.002512,-0.003977},
{-0.003767,-0.002093, 0.005023, 0.022189, 0.036836, 0.049812, 0.054835, 0.049812, 0.036836, 0.022189, 0.005023,-0.002093,-0.003767},
{-0.003977,-0.002512, 0.003349, 0.018418, 0.032231, 0.043533, 0.049812, 0.043533, 0.032231, 0.018418, 0.003349,-0.002512,-0.003977},
{-0.003977,-0.003558,-0.001047, 0.010883,  0.02365, 0.032231, 0.036836, 0.032231,  0.02365, 0.010883,-0.001047,-0.003558,-0.003977},
{-0.003558,-0.003767,-0.002512, 0.001256, 0.010883, 0.018418, 0.022189, 0.018418, 0.010883, 0.001256,-0.002512,-0.003767,-0.003558},
{-0.002512,-0.003139,-0.003349,-0.002512,-0.001047, 0.003349, 0.005023, 0.003349,-0.001047,-0.002512,-0.003349,-0.003139,-0.002512},
{-0.001256, -0.00293,-0.003139,-0.003767,-0.003558,-0.002512,-0.002093,-0.002512,-0.003558,-0.003767,-0.003139, -0.00293,-0.001256},
{      0.0,-0.001256,-0.002512,-0.003558,-0.003977,-0.003977,-0.003767,-0.003977,-0.003977,-0.003558,-0.002512,-0.001256,      0.0},